G1	120.31535	36.04534	1
G2	120.31794	36.04165	1
G3	120.32024	36.03742	2
G4	120.32219	36.03306	2
G5	120.32516	36.02856	2
G6	120.32699	36.02453	2
G7	120.32974	36.0199     3
G8	120.33246	36.01614	3
G9	120.33432	36.01212	1
G10	120.33626	36.00813	1
G11	120.33856	36.00403	1
G13	120.34085	35.99959	4
G14	120.3428	35.99528	4
G16	120.34606	35.99123	5
G17	120.34784	35.98719	5
G18	120.30461	36.04545	1
G19	120.30750	36.04072	1
G20	120.31003	36.03542	2
G21	120.31287	36.03037	2
G22	120.31551	36.02523	6
G23	120.31880	36.02027	6
G24	120.32134	36.01539	6
G25	120.32416	36.00996	6
G26	120.32647	36.00536	2
G27	120.32920	36.00005	2
G28	120.33187	35.99591	3
G29	120.33456	35.99063	1
G30	120.33756	35.98582	1
G31	120.34002	35.98054	1
G32	120.34292	35.97549	4
G33	120.34556	35.9707     4
G34	120.34835	35.96561	4
G35	120.35171	35.95992	5
G36	120.35395	35.95585	5
G37	120.29650	36.04513	1
G38	120.29850	36.04001	2
G39	120.30099	36.03488	6
G40	120.30492	36.03077	6
G41	120.30675	36.02548	6
G42	120.30887	36.02059	6
G43	120.31267	36.01482	2
G44	120.31586	36.00983	1
G45	120.31821	36.00501	1
G46	120.32101	36.00003	1
G47	120.32384	35.99462	1
G48	120.32604	35.99012	4
G49	120.32791	35.98481	4
G50	120.33168	35.98025	1
G51	120.33500   35.97519	5
G52	120.33821	35.97011	5
G53	120.34025	35.96525	5
G54	120.34241	35.96059	5
G55	120.34586	35.95602	5